# query: /zfshome/sunam274/compare_plasmids/scripts/plot_plasmid/queries/kes2021/conjugation_families.sql
# query_sha256: 55a484ef97286ca5e4c4c495d1228929bfaf30e455564cb5d9e819511910b691
# created: 2026-10-01 10:59:35
10273
10278
10452
10715
10822
10841
10942
11944
12279
12343
12733
13624
14008
15066
15387
16264
17471
17755
17862
18027
18254
18738
19529
21082
23728
23763
23956
24465
27328
27684
28243
2864
2867
28943
29356
29801
3068
30821
3281
3295
3316
3346
3377
3408
3489
3521
3527
3532
3538
3560
3593
3619
3626
3634
4028
4282
4587
4657
6638
6746
6778
6794
6803
6807
6812
6828
6850
6893
6986
7174
7212
7271
7283
7319
7347
7559
7599
7603
7611
7640
7651
7859
7991
8052
8219
8481
8537
8894
8929
9091
9113
9143
9145
9384
9518
